  -1.00000000      0.841470957    
 -0.899999976      0.571045280    
 -0.800000012      0.367286325    
 -0.699999988      0.220966652    
 -0.600000024      0.121962786    
 -0.500000000       5.99281937E-02
 -0.399999976       2.49227695E-02
 -0.300000012       7.97904655E-03
 -0.199999988       1.58935424E-03
 -0.100000024       9.98335090E-05
   0.00000000       0.00000000    
  0.100000024       9.98335090E-05
  0.200000048       1.58935599E-03
  0.299999952       7.97904097E-03
  0.399999976       2.49227695E-02
  0.500000000       5.99281937E-02
  0.600000024      0.121962786    
  0.700000048      0.220966741    
  0.799999952      0.367286235    
  0.899999976      0.571045280    
   1.00000000      0.841470957    
   1.09999990       1.18619657    
   1.20000005       1.61056364    
   1.29999995       2.11693716    
   1.40000010       2.70407462    
   1.50000000       3.36654568    
   1.59999990       4.09425259    
   1.70000005       4.87204933    
   1.79999995       5.67947865    
   1.90000010       6.49067307    
   2.00000000       7.27437925    
   2.09999990       7.99418163    
   2.20000005       8.60886955    
   2.29999995       9.07299519    
   2.40000010       9.33760357    
   2.50000000       9.35112667    
   2.59999990       9.06045246    
   2.70000005       8.41211891    
   2.79999995       7.35366106    
   2.90000010       5.83505058    
   3.00000000       3.81024003    
   3.09999990       1.23873234    
   3.19999981      -1.91279733    
   3.30000019      -5.66891527    
   3.40000010      -10.0437918    
   3.50000000      -15.0398312    
   3.59999990      -20.6462269    
   3.69999981      -26.8377781    
   3.80000019      -33.5738831    
   3.90000010      -40.7976074    
   4.00000000      -48.4353600    
   4.09999990      -56.3964729    
   4.19999981      -64.5732880    
   4.30000019      -72.8416214    
   4.40000010      -81.0612793    
   4.50000000      -89.0774307    
   4.59999990      -96.7219009    
   4.69999981      -103.815018    
   4.80000019      -110.167847    
   4.90000010      -115.584564    
   5.00000000      -119.865540    
