    0.0     0.000
    0.0     0.010
    0.0     0.019
    0.0     0.028
    0.0     0.037
    0.1     0.045
    0.1     0.053
    0.1     0.061
    0.1     0.068
    0.1     0.075
    0.1     0.082
    0.1     0.088
    0.1     0.094
    0.1     0.100
    0.1     0.105
    0.2     0.111
    0.2     0.116
    0.2     0.120
    0.2     0.125
    0.2     0.129
    0.2     0.133
    0.2     0.137
    0.2     0.141
    0.2     0.144
    0.2     0.147
    0.2     0.150
    0.3     0.153
    0.3     0.155
    0.3     0.158
    0.3     0.160
    0.3     0.162
    0.3     0.164
    0.3     0.166
    0.3     0.167
    0.3     0.169
    0.3     0.170
    0.4     0.171
    0.4     0.173
    0.4     0.173
    0.4     0.174
    0.4     0.175
    0.4     0.176
    0.4     0.176
    0.4     0.176
    0.4     0.177
    0.4     0.177
    0.5     0.177
    0.5     0.177
    0.5     0.177
    0.5     0.177
    0.5     0.176
    0.5     0.176
    0.5     0.176
    0.5     0.175
    0.5     0.175
    0.6     0.174
    0.6     0.173
    0.6     0.173
    0.6     0.172
    0.6     0.171
    0.6     0.170
    0.6     0.169
    0.6     0.168
    0.6     0.167
    0.6     0.166
    0.6     0.165
    0.7     0.164
    0.7     0.163
    0.7     0.161
    0.7     0.160
    0.7     0.159
    0.7     0.158
    0.7     0.156
    0.7     0.155
    0.7     0.153
    0.8     0.152
    0.8     0.151
    0.8     0.149
    0.8     0.148
    0.8     0.146
    0.8     0.145
    0.8     0.143
    0.8     0.142
    0.8     0.140
    0.8     0.139
    0.9     0.137
    0.9     0.136
    0.9     0.134
    0.9     0.133
    0.9     0.131
    0.9     0.129
    0.9     0.128
    0.9     0.126
    0.9     0.125
    0.9     0.123
    0.9     0.122
    1.0     0.120
    1.0     0.119
    1.0     0.117
    1.0     0.115
    1.0     0.114
    1.0     0.112
    1.0     0.111
    1.0     0.109
    1.0     0.108
    1.0     0.106
    1.1     0.105
    1.1     0.103
    1.1     0.102
    1.1     0.100
    1.1     0.099
    1.1     0.097
    1.1     0.096
    1.1     0.094
    1.1     0.093
    1.1     0.092
    1.2     0.090
    1.2     0.089
    1.2     0.087
    1.2     0.086
    1.2     0.085
    1.2     0.083
    1.2     0.082
    1.2     0.081
    1.2     0.079
    1.2     0.078
    1.3     0.077
    1.3     0.075
    1.3     0.074
    1.3     0.073
    1.3     0.072
    1.3     0.070
    1.3     0.069
    1.3     0.068
    1.3     0.067
    1.4     0.066
    1.4     0.064
    1.4     0.063
    1.4     0.062
    1.4     0.061
    1.4     0.060
    1.4     0.059
    1.4     0.058
    1.4     0.057
    1.4     0.056
    1.5     0.055
    1.5     0.054
    1.5     0.053
    1.5     0.052
    1.5     0.051
    1.5     0.050
    1.5     0.049
    1.5     0.048
    1.5     0.047
    1.5     0.046
    1.5     0.045
    1.6     0.044
    1.6     0.043
    1.6     0.042
    1.6     0.042
    1.6     0.041
    1.6     0.040
    1.6     0.039
    1.6     0.038
    1.6     0.038
    1.6     0.037
    1.7     0.036
    1.7     0.035
    1.7     0.035
    1.7     0.034
    1.7     0.033
    1.7     0.032
    1.7     0.032
    1.7     0.031
    1.7     0.030
    1.8     0.030
    1.8     0.029
    1.8     0.028
    1.8     0.028
    1.8     0.027
    1.8     0.027
    1.8     0.026
    1.8     0.025
    1.8     0.025
    1.8     0.024
    1.9     0.024
    1.9     0.023
    1.9     0.023
    1.9     0.022
    1.9     0.022
    1.9     0.021
    1.9     0.021
    1.9     0.020
    1.9     0.020
    1.9     0.019
    2.0     0.019
    2.0     0.018
    2.0     0.018
    2.0     0.017
    2.0     0.017
    2.0     0.017
