   -1.0     0.841
   -0.9     0.571
   -0.8     0.367
   -0.7     0.221
   -0.6     0.122
   -0.5     0.060
   -0.4     0.025
   -0.3     0.008
   -0.2     0.002
   -0.1     0.000
    0.0     0.000
    0.1     0.000
    0.2     0.002
    0.3     0.008
    0.4     0.025
    0.5     0.060
    0.6     0.122
    0.7     0.221
    0.8     0.367
    0.9     0.571
    1.0     0.841
    1.1     1.186
    1.2     1.611
    1.3     2.117
    1.4     2.704
    1.5     3.367
    1.6     4.094
    1.7     4.872
    1.8     5.679
    1.9     6.491
    2.0     7.274
    2.1     7.994
    2.2     8.609
    2.3     9.073
    2.4     9.338
    2.5     9.351
    2.6     9.060
    2.7     8.412
    2.8     7.354
    2.9     5.835
    3.0     3.810
    3.1     1.239
    3.2    -1.913
    3.3    -5.669
    3.4   -10.044
    3.5   -15.040
    3.6   -20.646
    3.7   -26.838
    3.8   -33.574
    3.9   -40.798
    4.0   -48.435
    4.1   -56.396
    4.2   -64.573
    4.3   -72.842
    4.4   -81.061
    4.5   -89.077
    4.6   -96.722
    4.7  -103.815
    4.8  -110.168
    4.9  -115.585
    5.0  -119.866
